462 INDEX ΤΟ THE NOTES.

8411114114, 63, 95, 138 84441414 plebia, 60 8411411114, 351
8111111144, 51, 424 8441414, 18 84111 Publici, 233
Samia 414114, 361 Sacrata 14111111 41, 143 Servilia, 254
84141444, 4441414 oi 1114141, 8441411, danger oi 11414 Servius Tullius, 1411 of 114
282 who hold 11414, 223 14411 lainga, 214
Samii, 402 8441114111,1111111 73 ----, aon of 4
Samnitas, 1141141411, 60, 844114, 49 41414, 184, 214
208 8441111114 14,1111111 327 8441111141, 380
81144452 Secundus 04111144, 1141411- 84411114, 429
--, 4111141, 150, 282 41411, 184 84414111414, 13
Samothraca, 89 Securis, 213 8411411 111114, 96, 232
8411114 1144, 206 84441114, 400 Severus, Septimius, 343
Sanni 84411141, gladiator. 209 8411411111, 96
Sanno, 138, 880 8411 41141611141114111, 305, Sextia 14114204
8411141144, 203 348, 349, 350, 351 8411111, 26
Sapientia, philosophy, 294, --, 4111111414, 405 81411111, 63
309, 340 --,14141111411441, 69 81441, 1441411, 345
8114144114, 60,124 -- ,14414 1411, 351 8111114411, picturas of,
841411111175, 358 segmentum, 37, 121 280, 339, 383, 438
81144114111, 244 84411114, commanda 114 811 ylla, 45
Sardanapalua, 257 41411411 4111411, 239 Sibyllini libri, 202
8111141111, 141, 178, 305, -,141441111 family, 814, 41 I 1141, 370
376 237 --, 41 yonnae, 64, 75
Sarmentus, 93 -,11111111111444, 236 --, on 11444 111144, 196,
Sarranum, 71, 95 -,1111 1114 and 114411, 198
Sarrana, 233 235 Sicca 14411, 240
8411414, 235, 382 -—, hia 41411141 4411 814441, 430
8414141, 88 1114114114, 235 Sicily, 4 Roman 11411444,
Satur, 169, 420 8414114114, 247 100
84111114, 329 Seli-indulgence, 428 8141411, 52
Saturnalia, 126, 173 1411414114), 140178 8111111, 1141141154
8411111111, 112, 296 8411144114 aarum, 172 8114111111, 90
——, 11111141, 154 8414114144111, 370 8114114144, witam 10,
84111111, 882 8441114111,35 255
Saufeia, 224 Semivir, 150 Signia, 14411 from, 266
Sauromatae, 24, 355 8441411144, 321 Signum, work 41 1111, 200
8441144114, 11111411, 422· 8411414, 262 ----, a 4441, 486
Scaevola, 11141114, 215 844444,101 Silanun, 193
844144, = coenaculum, 176 -, 41111114 41141411 to, 81141,11114144111, 139
8411111114, 134 209 silk, 194, 427
= 84111111, 28157 ——, 111 1144111 and Silia 14111, 255
scaurus, M. Aemilina, 268 daath, 231 8111111, 98
841444411144, 53 84444114, 375 Siliquae, 265, 402
8411111111, 416 Senio, 401 Silina, hia 114411, 215
8411111414,182 Senium, 377, 436 81111111, 81, 327
Scipiadae, 40 Senonas, 211 Silvanus, 145
841114, Ρ.04111411111,128 8414114411111111114, 197 81141111, 24
-- tho younger, hia Sententia, 149 814114111141, 13
4111144, 192 —, 4 1411, 201 Simplicitas, 28
84141111, 102, 224 8441441144114114, 31 8141111νί1114, 139
84411, 321 84411114, 121 81441141, 300
8411111141, 378, 437 81111114, 169 8111141411, 82
8441111, 424 -- 44141411, to bo ina —-, osdra ,275 ,
8444111111 4 citizen, 1114111, 14141, 287 --, oi t 4 toga, 12,
203 84111, 399 218
Scrinium, 135 84111141, 370 —--, aaila, 19
Scrofa, 128 84141, 143 8114111114, 207
84111144, 427 Sergi a 11114114, 211 Sirenas, 227, 317
8411114114, 34 Sergiolus, 121 814, = alvia, 385
Scylla, 346 Seria, 391, 411 8141111111, 301
841111414141114141, 272 Seriphos, 154, 244, 312 81411111, 298
Sem 10 flos, 386 Semnus, 171 8111111111 411141111111111, 61

 

