INDEX ΤΟ THE NOTES.

411101, 244

11111, 194, 262, 297

1110111171

Atria, 164, 321

1111ᾶο184160

Atrium, 127

Atrox, 26

1110311, 881

1111011110 playn, 62, 118

Atticus, Τ, Pomponius,

11111, 888

Attonitus, rtupchcd, 86

——, 1113610106, 276,

Τ, 1118181811, 138,

1111101101, 64, 249

Attrita 110111, 812

11111111 (11611.),121

1101101, 49, 166

110101, 264, 818

Auctor-uti, 207

116010, 24

1166111218

1131111, 122

Augustus, 1111001, 287

—, 1 6011010111 11·
1101031, 168

---, 1 moderate 11101,

—-- 611161 81111110
1011110167

--, 611 liber-uit, 10
virgil, 170 -

--, hic 111101, 212

Aula? 01 theatro, 118,

-- = 1031, 288

Aurata juvenca, 116

1110110 papillae, 121, 166

1110111101

1011170107

1111301266

11110184, 486

1110111606601, 201

1110106019

1110100119

1111111184 161

Autumnum ponere, 267

Auxilia, 214

‘innisi' impcmonntion 01,

--, description 01, 826
- 11 youth, 826
Aventinus, 64

1101111101 611, 480
Avunculus 111101111ιὶ11,
1111, 201, 819

n.
1 01111001131, 101,

8100611111, 884
Bacchus, 169
8101101, 281
81110, 46, 264
81110111, 281
811611, 877
8111011101, 14
8111111111, 29
811101, 224
8111011, 184, 864, 412
Bnptnc, 38
81161111, 87, 817
Bardaicus, 861
Barca, 56, 171
8110, 427
81101161, 282
Basilus, 248
--· causidicus, 178
Bassaris, 886
811111, 486
-, Sulcius, 168, 171
801111, 196
8116113, 19
81161, 011111131100 11,
-- 011600611, 186
Bathyllus, 118, 426
8111011409
801161, 87, 96, 181, 206,
248, 298, 888
Rem, 86
80111111, 406
801111, 10180, 826
8001011, 427
8061110111, 86
80001630, 816
8001, prodigy 01, 299
Belides, 160
Belle, 879
Bellerophon, 264
8011011, 86, 160
8010111601, 286
—- = 11160, 409
-- 111, 411
80101111111, 97
8010031611888
80101100, 126
Beryllum, 96
801111111, 6
8011111, 489
816011, 68
81601111, 166, 892
-bilis, 101110, 866, 884
Bilis, 111101, 899
8111016111299
86166131, 278

, 441

8111661111, sacrificet cn,
267, 890

8111010110, 892

Bithyni, 165

Bithynicus, 848

Bithynus Tyrannus, 244

81116113, phrase 101, 268,

80111, 6

8011101160 Nilo, 866

8000611, 100

8010111, 104, 168

8011611, 886

8010601, 88188224 ’

- pnrn, 890

8010, 406, 440

800101, 96

8011611101, 868

80111110, 441

8110010, 42

· 81100111, 211, 402

1001110110, cn, 118

· 8110101111, 806

810111, 11

Breviter, in 1011 10161289

811311101,881

8111011, 882

Britanni, 41

8611111011, 10, 128

811111110118101066101601,

81110101, 864

81110 fulmina, 811

Bruti, 11. und Ι). 96

8111116111 Niger, 287

Bruttia, 217, 488

811111, Μ. 819

--, 1187, 206, 428

....‚ iiis 1110114111

Bubastis, 844

Bubulcus, 176

810011 1111101, 268

810010, 6011-61011011, 49

8100111, 170

81001110, 01 0 helmet, 241

81116113, Roman punicu
101, 822

8111 worship, 198

81111, 106, 296, 418

81111111, 816

8111111, 21

81111, 49

81111, 24, 127, 166, 190

811111, 402

81111, 100116, 881

Byzantium, 88

C.
0. = condemno, 298

 

