INDEX ΤΟ THE NO'FES. 451

Dimidios, 191, 949949 95511155, 515 numos, 515.. 915555511, 15 1115515551
9151111515, 95 92 processione in 155 cneus,
915155-15555,182 ---5ι5 1115555199 287
Dinomache, 410 ——, his 11555192 Eleusinion mysteria, 856
91555555, 994, 999 --,15151555155 111111 9151515, 974
9151555, 9, 949 J 5115, 27 Ε11 quere, 977
9155 sus, theatro 51, si -—, severity 15 155 uuio, 144
Athens, 241 Jews, 46 Elumhis, 985
Diphilus, 57 --, where 551155,9551,999
91ξὶ5515149 21 9551551115, 11, 96, 994
915 seque, 85 Domitius, 211 95515151, 146
9115515,55551515,499,429 Domus, 555155515551, 59 95515515, 69
9155155155, 499, 499 - ,1115 slaves, 71 95511155, 149, 929, 422
9155155515, 1511115, 291 Dos, 96 ,124,129, 255, 999, Emungere, 425
91555151, 429 991 95, indignantis, 151
915555551594, 144 91515, 5111515555 oo in, 92, Enoelsdus, 195
Discursus, 12 149 Endromis, 55, 199
91555555, punishment 51 Drusus, 69, 199 Endymion, 254
55111, 912 951111, 55115515 15 5 51111551 9511519
915511155511, 166 51515994 955155, 1115 51555, 979,
91555555151, 19, 14, 186, 955515, itsmeenings, 279 496
219 ·—-— 1555519 9555551555, 245
915555515127,419 955155429 9515 ems, 146
915155, 148 —-· 11555, 429 E phehh'effled
Divertioulum, digression, 9551151115, 444 Ephemerides, 155
959 Dux, 95155151, 166 Ep' 5155155, 994, 949
Divi, 95551515, 122 Dwurfs 15 51551 men's Epigoni, 160
Divitisrnm qu'esiss, 16 1155155, 194 95155515, 176, 225
9115155511555555551, 124, 9551, 299 {pirodimm 197
192 55294
95511,55515,167 Equestrian 1511555, 15, 649
95515 155 5511515-15551, Equidem, 985, 419
995 Equites, 59, 165, 192, 989
- worship ,944 947 9. ·—-, 5551111155 51, 976
Dolabella, 299 -, egregii, 95, 299
9515515, 219 9 medio, 294 9151, 96
95151551155551, 294 95555, 427 9151151515, 125, 296, 267,
951155, 229, 999 95511115, 991 918
95115 offered 15 Venus, 995 955155119 9155555, 992
9515, soil, 284 95115555, 145 9155, 299, 261, 269, 271,
, 9551551155 551115, 299 95515, 1ο 1511, 74 922, 926, 994, 959
—--· 5155511, 919 Edictum, 998 -,15515555115, 152
——· 1515, 949 951151155515111, 49, 49 -, 15 5155555, 294
955155, 51515, 49 9115115, 1ο bury, 128, 999 Erinnys, 179
-, 5 wile, 221 91115515, 999 Eriphyle, 169
Domini, 5511πί 5555, 929 96555515, 981 91151, : 55155, 999
Dominus, 555151, 264 9555, 492 91555, 225
9551115, 5551159515, 219 95551151, 56 9555115, 282
95511155 55595555 spo r· Egregius, 261 91 quilius, 52, 99, 105, 265
151514 -- ,sn 551515, 261 951 qui, 497
-- 5 15151551 51 91155429 9515 555999
551515, 28, 79 9115555151, his profligsey, 91, adversative, 125
---—, 555551, 91, 97, 295 -,55555115,257
79 9155115, 219, 998 -, = 51 15555, 991, 429
-- ,5155115 15 glodi- 91551155, 96, 999 -,15115111551155, 297
51515, 49 915558 -, 151 Aut, 29,
—— ,dominus 515555, 91 egidio, 979 .- 15555 omitted, 999, 492
85 9155551146 91151155 books, 299
--,551515551551’5 9155551111, 15515 51 111511 ---515511515, 269
111155, 91 155111, 271 Euganei, 192
--,111155515, 99 “--, 55155 51 15515, Euge, 979
--, 515 5111, 77 297 Eumenides, 999

552

 

